REL: 蓝晒\蓝晒\ref\ed0c00171_si_003.xyz
================================================================================
Cu 2.483310000 -0.301997000 -0.390093000
P 3.390574000 1.419909000 -1.485160000
P 2.057330000 -0.328538000 1.807352000
C 4.520387000 -4.561511000 -1.579915000
C 5.223811000 -3.577623000 -0.895085000
C 4.586514000 -2.381930000 -0.606073000
N 3.317930000 -2.131734000 -0.958011000
C 2.643455000 -3.080222000 -1.618351000
C 3.206203000 -4.304926000 -1.947583000
H 4.987867000 -5.507185000 -1.821579000
H 6.249702000 -3.728580000 -0.587865000
H 5.100298000 -1.591026000 -0.074160000
H 1.622712000 -2.833902000 -1.882519000
H 2.618658000 -5.038780000 -2.482401000
I -0.103786000 -0.372418000 -1.462440000
C 2.432310000 2.975273000 -1.375605000
H 1.417132000 2.783393000 -1.723527000
H 2.383143000 3.294248000 -0.333840000
H 2.883431000 3.768138000 -1.975895000
C 5.075399000 1.961324000 -1.004303000
H 5.072552000 2.246302000 0.048486000
H 5.771317000 1.131205000 -1.132685000
H 5.413076000 2.808306000 -1.605387000
C 3.552617000 1.190668000 -3.294754000
H 4.211263000 0.343846000 -3.491935000
H 2.568360000 0.963480000 -3.705709000
H 3.954064000 2.081731000 -3.782201000
C 1.016535000 1.050034000 2.411049000
H 0.090461000 1.063125000 1.835854000
H 0.787154000 0.946798000 3.473667000
H 1.538040000 1.993333000 2.244222000
C 1.137856000 -1.797892000 2.397186000
H 0.204805000 -1.870870000 1.837872000
H 1.728303000 -2.693522000 2.199367000
H 0.920691000 -1.737068000 3.465643000
C 3.490686000 -0.277308000 2.950712000
H 3.177945000 -0.311661000 3.996439000
H 4.144407000 -1.126091000 2.744858000
H 4.055038000 0.639427000 2.774651000