REL: 蓝晒\蓝晒\ref\ed0c00171_si_004.xyz
================================================================================
Cu 2.502306000 0.346267000 0.100329000
P 3.421815000 1.509513000 -1.658036000
P 2.211521000 -0.556726000 2.193052000
C 3.749044000 -3.866518000 -1.856235000
C 4.692085000 -3.116076000 -1.103643000
C 4.344658000 -1.923087000 -0.536665000
N 3.075383000 -1.381553000 -0.655464000
C 2.148171000 -2.107453000 -1.392427000
C 2.451034000 -3.304455000 -1.977828000
H 4.006483000 -4.810753000 -2.313360000
H 5.705483000 -3.475757000 -0.967390000
H 5.056209000 -1.341127000 0.033401000
H 1.162610000 -1.667815000 -1.479702000
H 1.676097000 -3.814477000 -2.538513000
I 0.301055000 1.874628000 0.226014000
C 2.462671000 1.155123000 -3.164165000
H 2.458093000 0.078737000 -3.337222000
H 1.436860000 1.494109000 -3.023150000
H 2.902019000 1.662352000 -4.024644000
C 3.488700000 3.329212000 -1.572203000
H 2.484560000 3.716326000 -1.405535000
H 4.123007000 3.624862000 -0.736204000
H 3.894202000 3.739372000 -2.498925000
C 5.121623000 1.023544000 -2.098438000
H 5.794234000 1.263220000 -1.274798000
H 5.154501000 -0.050401000 -2.276707000
H 5.443969000 1.555550000 -2.995281000
C 1.794812000 0.543995000 3.583920000
H 0.896903000 1.108292000 3.337170000
H 1.629390000 -0.036843000 4.493050000
H 2.616072000 1.243209000 3.743531000
C 0.843031000 -1.754801000 2.119599000
H -0.074485000 -1.232694000 1.849805000
H 1.064695000 -2.497314000 1.352723000
H 0.713273000 -2.249758000 3.083266000
C 3.621223000 -1.531853000 2.809102000
H 3.365968000 -2.005534000 3.758697000
H 3.878781000 -2.295665000 2.076644000
H 4.481431000 -0.877285000 2.951308000